sample_fa
              precision    recall  f1-score   support
max-''-rs 0
           0       0.83      0.87      0.85       739
           1       0.94      0.92      0.93      1597
    accuracy                           0.90      2336
max-deg-0.1
           0       0.62      0.70      0.66       739
           1       0.85      0.80      0.83      1597
    accuracy                           0.77      2336
max-deg-0.2
           0       0.64      0.71      0.67       739
           1       0.86      0.82      0.84      1597
    accuracy                           0.78      2336
max-deg-0.5
           0       0.71      0.75      0.73       739
           1       0.88      0.85      0.87      1597
    accuracy                           0.82      2336
max-deg-0.7
           0       0.73      0.82      0.77       739
           1       0.91      0.86      0.89      1597
    accuracy                           0.85      2336
max-eig-0.1
           0       0.47      0.58      0.52       739
           1       0.78      0.70      0.74      1597
    accuracy                           0.66      2336
max-eig-0.2
           0       0.52      0.61      0.57       739
           1       0.81      0.74      0.77      1597
    accuracy                           0.70      2336
max-eig-0.5
           0       0.69      0.75      0.72       739
           1       0.88      0.84      0.86      1597
    accuracy                           0.81      2336

max-''-rs 10
           0       0.85      0.88      0.86       775
           1       0.94      0.92      0.93      1561
    accuracy                           0.91      2336
max-deg-0.1
           0       0.65      0.67      0.66       775
           1       0.83      0.82      0.83      1561
    accuracy                           0.77      2336
max-deg-0.2
           0       0.67      0.73      0.70       775
           1       0.86      0.82      0.84      1561
    accuracy                           0.79      2336
max-deg-0.5
           0       0.73      0.76      0.74       775
           1       0.88      0.86      0.87      1561
    accuracy                           0.83      2336

           0       0.78      0.72      0.75       775
           1       0.87      0.90      0.88      1561
    accuracy                           0.84      2336

